1.7579, 33.5620, 84.6280, 1.4639, 46.0700, 92.3100
1.3305, 51.1560, 93.8700, 1.2627, 54.5100, 94.8600
1.1214, 59.7440, 95.7360, 1.1666, 59.0400, 96.1700
0.9911, 64.5180, 96.9120, 1.0028, 64.5700, 97.0400
0.8924, 68.1360, 97.5320, 0.9005, 68.6000, 97.7100
0.8080, 71.3000, 98.0580, 0.8913, 69.3600, 97.9700
0.7478, 73.5640, 98.2980, 0.9095, 68.9700, 98.1500
0.6963, 75.7380, 98.5540, 0.7386, 75.0900, 98.3800
0.6519, 77.2340, 98.7280, 0.8536, 70.8700, 98.4100
0.6203, 78.3000, 98.8560, 0.7112, 76.1100, 98.4100
0.5897, 79.3900, 99.0060, 0.7375, 75.8400, 98.5700
0.5659, 80.2100, 99.0000, 0.5964, 79.7400, 98.8800
0.5450, 81.0860, 99.1220, 0.6030, 79.3600, 99.0800
0.5258, 81.6780, 99.1600, 0.7229, 76.8000, 98.6600
0.5044, 82.3120, 99.2080, 0.6218, 80.0200, 99.0000
0.4890, 83.0340, 99.2480, 0.5506, 80.8600, 99.1000
0.4751, 83.5400, 99.3160, 0.5644, 81.1800, 99.0200
0.4597, 84.0500, 99.3300, 0.6049, 80.5300, 98.8200
0.4458, 84.5240, 99.3780, 0.5856, 80.3200, 99.0300
0.4337, 84.9860, 99.4580, 0.5459, 82.3700, 99.1600
0.7581, 74.0160, 97.8240, 0.7120, 75.7600, 98.6700
0.5387, 81.2760, 99.0920, 0.7412, 74.4700, 98.5100
0.4979, 82.7300, 99.2620, 0.5318, 82.2900, 99.1200
0.4654, 83.7920, 99.3140, 0.5546, 82.0400, 99.1200
0.4499, 84.3720, 99.3280, 0.5878, 80.8300, 98.9800
0.4309, 84.9520, 99.4200, 0.5550, 81.8900, 98.9900
0.4158, 85.4440, 99.4480, 0.5396, 81.6700, 99.2900
0.4047, 85.8980, 99.4620, 0.5297, 82.5500, 99.2200
0.3897, 86.4080, 99.5560, 0.5404, 82.4200, 99.1300
0.3815, 86.6920, 99.5680, 0.5667, 81.7900, 99.1300
0.4289, 85.1340, 99.4340, 0.5224, 82.7400, 99.2100
0.3772, 86.8840, 99.5680, 0.5793, 81.4500, 99.0200
0.3598, 87.4780, 99.6140, 0.4819, 84.6300, 99.4100
0.3526, 87.6120, 99.5860, 0.4984, 83.5100, 99.2400
0.3393, 88.1960, 99.6400, 0.4655, 84.8800, 99.4000
0.3326, 88.3160, 99.6780, 0.4968, 83.9200, 99.4100
0.3212, 88.5620, 99.6840, 0.4795, 84.6300, 99.4700
0.3143, 88.8020, 99.7260, 0.4834, 84.4500, 99.4200
0.3125, 89.0780, 99.6880, 0.4660, 84.7700, 99.3800
0.3048, 89.2600, 99.7080, 0.4503, 84.8200, 99.4000
0.2990, 89.3880, 99.7320, 0.4946, 84.3200, 99.3200
0.2898, 89.8220, 99.7160, 0.4609, 85.5900, 99.3600
0.2851, 90.0780, 99.7780, 0.4676, 85.4800, 99.2700
0.2776, 90.2060, 99.7900, 0.4275, 86.2400, 99.4900
0.2730, 90.4640, 99.7620, 0.4273, 86.1200, 99.4800
0.2684, 90.4300, 99.7900, 0.4445, 86.3600, 99.4500
0.2619, 90.8200, 99.8020, 0.4752, 84.7600, 99.3700
0.2581, 90.8600, 99.7760, 0.4810, 85.6000, 99.3300
0.2572, 90.9760, 99.7980, 0.4380, 86.0500, 99.6000
0.2478, 91.2580, 99.8420, 0.4722, 85.7500, 99.3200
0.4306, 85.0020, 99.4520, 0.5241, 83.5000, 99.2600
0.3257, 88.5040, 99.7500, 0.4830, 84.2700, 99.3900
0.3063, 89.0380, 99.7200, 0.4552, 85.3800, 99.3200
0.2885, 89.8220, 99.7760, 0.5187, 83.9600, 99.3700
0.2779, 90.2100, 99.7580, 0.4727, 84.9500, 99.4000
0.2737, 90.2000, 99.8040, 0.4561, 85.5500, 99.4000
0.2624, 90.7840, 99.7860, 0.4547, 85.6600, 99.4200
0.2611, 90.7920, 99.8060, 0.4208, 86.7300, 99.4300
0.2522, 91.0380, 99.8360, 0.5888, 82.5600, 99.1700
0.2503, 91.1460, 99.8160, 0.4698, 85.3500, 99.4400
0.2731, 90.3820, 99.8080, 0.4877, 84.6200, 99.3600
0.2473, 91.3100, 99.8400, 0.4810, 85.6800, 99.3500
0.2383, 91.5140, 99.8400, 0.4363, 86.4800, 99.4700
0.2276, 91.9480, 99.8620, 0.4379, 86.2400, 99.5800
0.2242, 92.0180, 99.8900, 0.4598, 86.6500, 99.4700
0.2222, 91.9720, 99.8840, 0.4451, 86.4300, 99.4300
0.2147, 92.4340, 99.8720, 0.4909, 85.3200, 99.4600
0.2092, 92.5680, 99.8740, 0.4246, 86.9400, 99.5100
0.2078, 92.6120, 99.9020, 0.4836, 85.8900, 99.5300
0.2030, 92.7380, 99.8960, 0.4383, 87.1200, 99.4800
0.2014, 92.9080, 99.9060, 0.4380, 86.8200, 99.4300
0.1975, 93.0780, 99.8980, 0.4755, 86.2300, 99.4000
0.1975, 92.9660, 99.9160, 0.4519, 86.9200, 99.5200
0.1892, 93.2240, 99.9060, 0.4254, 87.1000, 99.5100
0.1885, 93.2660, 99.9100, 0.4790, 86.4200, 99.3600
0.1832, 93.4860, 99.9180, 0.5544, 84.5600, 99.5000
0.1812, 93.5080, 99.9100, 0.4551, 86.9100, 99.4800
0.1798, 93.6420, 99.9040, 0.4653, 86.5000, 99.5400
0.1719, 93.7760, 99.9500, 0.4768, 86.3500, 99.4800
0.1760, 93.7800, 99.9160, 0.4751, 86.2100, 99.5600
0.3722, 87.1940, 99.5280, 0.4881, 86.1500, 99.3100
0.2508, 91.2340, 99.8320, 0.4433, 86.3100, 99.3800
0.2328, 91.6980, 99.8860, 0.4838, 86.7200, 99.4400
0.2238, 92.0160, 99.8680, 0.4597, 87.0400, 99.4900
0.2158, 92.2800, 99.8840, 0.4953, 86.7800, 99.2200
0.2071, 92.5900, 99.9140, 0.4778, 87.3300, 99.4400
0.2007, 92.8840, 99.9180, 0.4727, 87.3300, 99.4400
0.1985, 92.9500, 99.9080, 0.4566, 87.8500, 99.4800
0.1980, 93.0120, 99.8860, 0.4719, 87.5200, 99.4200
0.1868, 93.5240, 99.9300, 0.4108, 87.4300, 99.4700
0.2085, 92.4680, 99.9080, 0.4462, 86.5900, 99.5100
0.1845, 93.4540, 99.9260, 0.4260, 87.6400, 99.4800
0.1827, 93.5300, 99.9300, 0.5090, 87.8100, 99.3300
0.1758, 93.5660, 99.9460, 0.4900, 88.2900, 99.4700
0.1743, 93.7840, 99.9340, 0.4745, 88.6300, 99.4900
0.1732, 93.8260, 99.9440, 0.4289, 88.9700, 99.5100
0.1681, 94.0840, 99.9220, 0.4502, 89.5900, 99.4700
0.1633, 94.1240, 99.9560, 0.4545, 89.2800, 99.4600
0.1575, 94.3860, 99.9380, 0.4334, 88.7600, 99.5300
0.1581, 94.3840, 99.9440, 0.4869, 89.4200, 99.5100
