0.5450, 81.9880, 99.1400, 0.6635, 79.8800, 98.8000
0.3840, 86.6220, 99.5480, 0.5642, 81.7700, 99.1200
0.3629, 87.2000, 99.6660, 0.6207, 80.1300, 99.1200
0.3438, 87.9000, 99.6680, 0.6362, 80.8700, 98.6500
0.3332, 88.2200, 99.7600, 0.7605, 78.5400, 98.9500
0.3257, 88.4380, 99.7340, 0.6232, 80.8500, 98.9200
0.3212, 88.6300, 99.7540, 0.7532, 77.5100, 98.6100
0.3216, 88.5300, 99.7540, 0.5145, 83.6700, 99.3400
0.3163, 88.8540, 99.7540, 0.5017, 84.2500, 99.2800
0.3074, 89.1720, 99.7680, 0.5511, 82.9800, 99.1500
0.3050, 89.2020, 99.7500, 0.5814, 82.7300, 99.0600
0.3015, 89.4280, 99.7720, 0.7846, 78.4100, 98.3500
0.2947, 89.5840, 99.7680, 0.4988, 84.8200, 99.3400
0.2878, 89.8280, 99.7600, 0.4886, 84.5700, 99.4500
0.2919, 89.7820, 99.7920, 0.5507, 83.1800, 99.1800
0.2875, 89.7740, 99.8100, 0.5978, 82.5600, 99.1400
0.2841, 89.7600, 99.7900, 0.5312, 83.6100, 99.3100
0.2825, 90.0740, 99.7960, 0.4874, 84.3900, 99.3800
0.2797, 90.0760, 99.8380, 0.5232, 83.7300, 99.3600
0.2744, 90.2000, 99.8140, 0.5017, 84.5100, 99.1900
0.2708, 90.3840, 99.8660, 0.5393, 83.5600, 98.8700
0.2695, 90.4860, 99.8080, 0.4969, 84.5700, 99.3800
0.2732, 90.2440, 99.8180, 0.7135, 80.3600, 99.3400
0.2608, 90.7260, 99.8420, 0.4646, 85.1200, 99.3700
0.2621, 90.8100, 99.8220, 0.5014, 84.1700, 99.2400
0.2571, 90.9480, 99.8460, 0.5355, 83.8300, 99.1600
0.2557, 90.9860, 99.8440, 0.5979, 82.6200, 99.2600
0.2557, 91.0220, 99.8320, 0.5888, 82.6800, 99.2700
0.2532, 91.0380, 99.8440, 0.4507, 85.9800, 99.3000
0.2457, 91.2680, 99.8520, 0.4872, 85.5800, 99.3800
0.2494, 91.1440, 99.8560, 0.4823, 85.1700, 99.4200
0.2421, 91.4820, 99.8540, 0.4957, 85.4600, 99.3700
0.2388, 91.6600, 99.8460, 0.4284, 86.5500, 99.4900
0.2388, 91.4120, 99.8700, 0.5437, 83.8700, 99.2600
0.2366, 91.7800, 99.8900, 0.5217, 84.5300, 99.3300
0.2346, 91.6480, 99.8600, 0.5530, 83.6400, 99.2100
0.2321, 91.8360, 99.8600, 0.5231, 84.8900, 99.1800
0.2265, 91.9180, 99.8900, 0.4975, 84.9400, 99.2300
0.2260, 91.9740, 99.8560, 0.5021, 85.6700, 99.2700
0.2224, 92.0760, 99.8720, 0.4442, 87.1200, 99.5000
0.2191, 92.2080, 99.8940, 0.4907, 84.9600, 99.4300
0.2139, 92.4120, 99.9100, 0.4704, 85.9400, 99.5600
0.2156, 92.3660, 99.9180, 0.4864, 86.0600, 99.4500
0.2116, 92.5300, 99.9020, 0.4485, 86.6700, 99.5500
0.2081, 92.5260, 99.9080, 0.4341, 86.5800, 99.5000
0.2018, 92.9300, 99.9200, 0.5296, 84.5700, 99.0400
0.2032, 92.6660, 99.8960, 0.5018, 84.7200, 99.4200
0.2029, 92.7360, 99.9160, 0.4768, 86.1400, 99.5500
0.2013, 92.9120, 99.9020, 0.4651, 86.0600, 99.4500
0.1910, 93.3480, 99.9240, 0.4900, 85.9200, 99.3100
0.1924, 93.1780, 99.9140, 0.4571, 86.8800, 99.3400
0.1938, 93.0080, 99.9100, 0.4451, 86.3000, 99.3500
0.1910, 93.1920, 99.9460, 0.5140, 85.0700, 99.4600
0.1851, 93.4480, 99.9220, 0.4161, 87.6700, 99.4500
0.1856, 93.4140, 99.9200, 0.4334, 87.2900, 99.4900
0.1795, 93.6320, 99.9420, 0.4638, 86.5400, 99.3700
0.1777, 93.7280, 99.9380, 0.5221, 85.7800, 99.0200
0.1739, 93.7900, 99.9480, 0.5189, 85.8700, 99.5100
0.1718, 93.8560, 99.9300, 0.4276, 87.6800, 99.4800
0.1677, 94.0120, 99.9520, 0.4484, 87.5200, 99.6100
0.1711, 93.9780, 99.9360, 0.4588, 86.7900, 99.4000
0.1645, 94.2000, 99.9460, 0.4102, 87.6800, 99.6300
0.1597, 94.3140, 99.9600, 0.4314, 87.9300, 99.5800
0.1613, 94.2140, 99.9560, 0.4782, 86.4800, 99.3700
0.1579, 94.2820, 99.9600, 0.4510, 87.3400, 99.5600
0.1510, 94.7540, 99.9680, 0.4169, 88.0000, 99.6800
0.1533, 94.4860, 99.9540, 0.4393, 87.4500, 99.4600
0.1513, 94.5540, 99.9580, 0.4410, 87.3900, 99.3900
0.1469, 94.7920, 99.9680, 0.4493, 87.3000, 99.4900
0.1427, 94.8880, 99.9600, 0.4556, 86.8400, 99.3500
0.1361, 95.2360, 99.9560, 0.4076, 88.4200, 99.5600
0.1372, 95.1080, 99.9540, 0.4269, 87.7300, 99.4800
0.1350, 95.2260, 99.9660, 0.4141, 88.1200, 99.5800
0.1324, 95.1940, 99.9700, 0.4183, 88.0000, 99.6100
0.1279, 95.4360, 99.9640, 0.4039, 88.4200, 99.6000
0.1294, 95.4280, 99.9600, 0.4376, 87.9200, 99.5200
0.1239, 95.6980, 99.9760, 0.3986, 88.6900, 99.5800
0.1235, 95.5500, 99.9820, 0.3971, 88.3200, 99.6600
0.1183, 95.8020, 99.9720, 0.3879, 88.8100, 99.6600
0.1141, 95.9460, 99.9680, 0.3892, 89.1000, 99.5900
0.1120, 96.0340, 99.9820, 0.4100, 88.8200, 99.6300
0.1111, 96.1540, 99.9820, 0.3898, 88.8800, 99.6600
0.1093, 96.1840, 99.9840, 0.4046, 88.4100, 99.6100
0.1093, 96.2000, 99.9740, 0.3850, 88.7200, 99.6400
0.1048, 96.4080, 99.9920, 0.3943, 89.0300, 99.6500
0.1013, 96.5180, 99.9960, 0.3613, 89.5000, 99.7600
0.0997, 96.5360, 99.9860, 0.3936, 89.6000, 99.6700
0.0947, 96.6840, 99.9940, 0.3791, 89.4200, 99.6400
0.0950, 96.7600, 99.9800, 0.3686, 89.4900, 99.6500
0.0905, 96.9380, 99.9880, 0.3721, 89.5500, 99.6400
