0.5069, 82.4200, 99.2000, 0.9485, 73.0800, 96.8200
0.4132, 85.5640, 99.5300, 0.8391, 75.2600, 97.9600
0.3883, 86.4280, 99.6300, 0.6079, 80.3200, 98.8900
0.3796, 86.8160, 99.5660, 0.7310, 77.8300, 98.6400
0.3598, 87.3720, 99.6480, 0.8077, 76.7700, 98.4700
0.3545, 87.6440, 99.6820, 0.6424, 79.4400, 98.8500
0.3535, 87.7100, 99.6480, 0.6145, 80.9100, 98.7800
0.3515, 87.5580, 99.7180, 0.6137, 80.9300, 99.1400
0.3392, 88.0600, 99.6980, 0.5097, 83.6200, 99.2900
0.3352, 88.1780, 99.6900, 0.7171, 78.6700, 98.7200
0.3330, 88.3160, 99.6780, 0.7947, 76.8600, 98.0200
0.3234, 88.7600, 99.7440, 0.5448, 82.7400, 99.2300
0.3191, 88.7800, 99.7220, 0.7277, 77.8800, 98.3500
0.3192, 88.7400, 99.7200, 0.6555, 80.4600, 99.0300
0.3151, 88.8760, 99.7440, 0.6056, 81.5400, 99.0400
0.3147, 88.8760, 99.7280, 0.5644, 82.7300, 99.2200
0.3065, 89.1840, 99.7020, 0.5602, 82.7900, 99.1300
0.3046, 89.2020, 99.6960, 0.5360, 83.3100, 99.2800
0.3026, 89.4500, 99.7460, 0.4702, 85.1100, 99.4600
0.2926, 89.7580, 99.8040, 0.5369, 83.1200, 99.1000
0.2980, 89.5160, 99.7500, 0.5645, 82.8400, 99.3500
0.2933, 89.8400, 99.7740, 0.5555, 83.5900, 99.1700
0.2903, 89.8080, 99.7500, 0.4796, 84.7200, 99.3000
0.2806, 90.0720, 99.7800, 0.5280, 84.3100, 99.1500
0.2775, 90.2620, 99.7860, 0.6122, 82.2400, 98.7300
0.2821, 90.0140, 99.7860, 0.4686, 84.9800, 99.3900
0.2752, 90.2820, 99.7820, 0.5037, 84.3400, 99.2200
0.2749, 90.3080, 99.7880, 0.5490, 83.5800, 99.3700
0.2733, 90.2860, 99.8040, 0.5167, 84.2800, 99.4600
0.2681, 90.6340, 99.8340, 0.5715, 82.6600, 99.1700
0.2660, 90.5540, 99.8140, 0.6385, 81.7800, 98.9700
0.2691, 90.4800, 99.8260, 0.4322, 86.0400, 99.4500
0.2650, 90.5660, 99.8440, 0.4556, 85.8900, 99.4600
0.2559, 91.0440, 99.7980, 0.5402, 83.8900, 99.3300
0.2528, 91.0340, 99.8500, 0.4697, 85.2700, 99.4100
0.2504, 91.1680, 99.8800, 0.5898, 82.6400, 99.0700
0.2496, 91.1240, 99.8460, 0.6732, 81.5500, 98.5000
0.2499, 91.2040, 99.8220, 0.4893, 85.2000, 99.4500
0.2439, 91.3420, 99.8600, 0.5116, 84.3100, 99.4400
0.2392, 91.4980, 99.8560, 0.4882, 85.3200, 99.4800
0.2354, 91.6540, 99.8780, 0.4709, 85.8300, 99.4100
0.2387, 91.6120, 99.8760, 0.4756, 85.0900, 99.3800
0.2353, 91.7380, 99.8560, 0.4681, 85.4100, 99.3500
0.2341, 91.6960, 99.8760, 0.4276, 86.5400, 99.5000
0.2274, 91.8360, 99.8900, 0.5383, 83.6100, 99.3900
0.2301, 91.8960, 99.8780, 0.4707, 85.6800, 99.3600
0.2228, 92.1120, 99.8680, 0.4762, 86.0700, 99.4000
0.2235, 92.1600, 99.8640, 0.4469, 86.0700, 99.4700
0.2216, 92.0920, 99.8800, 0.4876, 84.9300, 99.1400
0.2163, 92.2940, 99.8700, 0.5252, 84.4600, 99.4300
0.2162, 92.3040, 99.9020, 0.4415, 86.3200, 99.4600
0.2146, 92.3900, 99.9000, 0.4665, 86.2900, 99.4700
0.2087, 92.6700, 99.8880, 0.4683, 85.9200, 99.4500
0.2085, 92.6320, 99.9020, 0.4389, 86.5100, 99.4800
0.2013, 92.8460, 99.9060, 0.4671, 85.8400, 99.4500
0.2032, 92.7000, 99.8760, 0.4173, 87.6200, 99.4700
0.1987, 92.8180, 99.9120, 0.4554, 86.1800, 99.5000
0.1980, 92.9880, 99.9080, 0.4384, 86.8200, 99.4500
0.1920, 93.2760, 99.8940, 0.5578, 84.2800, 99.1500
0.1945, 93.0700, 99.9180, 0.4115, 87.5200, 99.5500
0.1865, 93.3360, 99.9220, 0.4185, 87.3100, 99.5400
0.1855, 93.2260, 99.9140, 0.4258, 87.2900, 99.5300
0.1798, 93.6180, 99.9160, 0.4455, 87.2000, 99.4400
0.1747, 93.8660, 99.9460, 0.4042, 87.7200, 99.6100
0.1792, 93.6460, 99.9460, 0.4633, 86.3100, 99.4200
0.1723, 93.8800, 99.9460, 0.4166, 87.5700, 99.6300
0.1714, 93.9520, 99.9380, 0.4767, 86.1900, 99.3100
0.1694, 93.9660, 99.9460, 0.4298, 87.4700, 99.4900
0.1660, 94.1620, 99.9380, 0.4301, 87.3900, 99.5700
0.1643, 94.1220, 99.9380, 0.4057, 88.0700, 99.5700
0.1584, 94.4360, 99.9400, 0.4251, 87.9200, 99.5100
0.1523, 94.6100, 99.9560, 0.4226, 87.6800, 99.4500
0.1518, 94.6680, 99.9600, 0.4353, 87.6500, 99.5800
0.1521, 94.6620, 99.9560, 0.4609, 87.4000, 99.2900
0.1493, 94.7440, 99.9520, 0.4243, 88.1100, 99.5800
0.1474, 94.7280, 99.9540, 0.4249, 88.2500, 99.6000
0.1410, 95.0340, 99.9680, 0.4101, 88.0300, 99.5100
0.1392, 95.1280, 99.9440, 0.4053, 88.2800, 99.5800
0.1358, 95.2760, 99.9760, 0.3945, 88.8000, 99.5300
0.1342, 95.2660, 99.9740, 0.3933, 88.3900, 99.5700
0.1320, 95.4700, 99.9720, 0.3893, 88.6200, 99.4500
0.1258, 95.6000, 99.9720, 0.4131, 88.1700, 99.4200
0.1281, 95.5120, 99.9720, 0.3804, 88.8400, 99.6400
0.1212, 95.7220, 99.9720, 0.3873, 88.4000, 99.5400
0.1209, 95.9180, 99.9760, 0.3723, 89.2500, 99.5900
0.1174, 95.8440, 99.9700, 0.3853, 88.6300, 99.6300
0.1153, 96.0700, 99.9760, 0.3602, 89.6000, 99.6700
0.1132, 96.1120, 99.9760, 0.3714, 89.4500, 99.6700
0.1095, 96.2680, 99.9820, 0.3726, 89.1600, 99.6600
0.1073, 96.2360, 99.9780, 0.3584, 89.7900, 99.6100
