0.9497, 68.3660, 96.8780, 0.8115, 73.7900, 98.3600
0.6222, 78.2780, 98.8320, 0.8589, 72.4000, 98.0200
0.5609, 80.4700, 99.1220, 0.6928, 77.5400, 98.5100
0.5211, 81.9020, 99.1820, 0.7158, 77.1500, 98.6700
0.5102, 82.1600, 99.2380, 0.6892, 77.3000, 98.5800
0.4837, 83.0200, 99.3140, 0.7835, 75.2700, 98.2500
0.4747, 83.4960, 99.3760, 0.6750, 77.7600, 98.9400
0.4649, 83.7100, 99.3960, 0.5829, 80.6800, 99.3200
0.4509, 84.2480, 99.4160, 0.7199, 77.3300, 98.4500
0.4492, 84.2780, 99.4380, 0.7086, 78.0400, 98.6700
0.4481, 84.3260, 99.4420, 0.5821, 81.4600, 99.1700
0.4385, 84.6800, 99.5000, 0.5897, 80.8200, 98.8200
0.4296, 84.9900, 99.4980, 0.5275, 82.5300, 99.1800
0.4204, 85.4200, 99.4820, 0.6780, 78.7000, 98.8100
0.4279, 85.1700, 99.5200, 0.5933, 80.8200, 99.0600
0.4152, 85.5500, 99.4600, 0.6094, 79.9800, 99.0600
0.4117, 85.7080, 99.4820, 0.5923, 81.0200, 99.2600
0.4100, 85.7740, 99.4800, 0.6026, 80.7900, 99.0300
0.4046, 85.9000, 99.5240, 0.6150, 79.9000, 99.0000
0.4002, 85.9460, 99.5520, 0.5850, 81.0000, 99.2600
0.3971, 86.1940, 99.5260, 0.6364, 79.4100, 98.9700
0.3922, 86.2400, 99.5360, 0.6126, 80.3000, 98.9400
0.3911, 86.3400, 99.5820, 0.5692, 81.4500, 98.9400
0.3894, 86.4260, 99.5600, 0.5176, 82.6700, 99.2800
0.3862, 86.4640, 99.5060, 0.5285, 82.9500, 99.1200
0.3821, 86.6900, 99.5740, 0.5298, 82.3500, 99.1500
0.3824, 86.6660, 99.5600, 0.5526, 82.1200, 99.2200
0.3764, 86.7640, 99.6040, 0.6131, 80.3400, 99.0600
0.3664, 87.0520, 99.6600, 0.5737, 81.9300, 99.2300
0.3743, 86.9160, 99.5880, 0.5256, 82.8600, 99.1200
0.3685, 87.0180, 99.6300, 0.5034, 83.4700, 99.2700
0.3688, 87.0040, 99.6620, 0.5162, 83.2100, 99.3500
0.3621, 87.4120, 99.6640, 0.5455, 83.0700, 99.3600
0.3597, 87.3420, 99.7020, 0.6443, 79.5100, 98.8700
0.3604, 87.2340, 99.6420, 0.4803, 83.7000, 99.4800
0.3548, 87.6900, 99.6620, 0.5166, 83.5200, 99.4000
0.3488, 87.8480, 99.6540, 0.5130, 83.5700, 99.2800
0.3479, 87.8700, 99.6200, 0.5602, 82.2200, 99.3300
0.3551, 87.6980, 99.6520, 0.5928, 80.8900, 99.1300
0.3466, 87.9680, 99.6840, 0.5893, 81.0900, 98.7400
0.3443, 87.7920, 99.6680, 0.4944, 84.2000, 99.2500
0.3406, 88.2020, 99.6700, 0.4872, 84.0500, 99.2900
0.3372, 88.1960, 99.6560, 0.4773, 84.2800, 99.3100
0.3353, 88.3120, 99.6920, 0.5109, 83.6200, 99.3900
0.3358, 88.2740, 99.6700, 0.4701, 84.6600, 99.4200
0.3305, 88.3540, 99.7440, 0.4741, 84.3900, 99.4300
0.3227, 88.6580, 99.7120, 0.5002, 84.4600, 99.1900
0.3257, 88.5880, 99.7000, 0.4735, 84.8600, 99.3000
0.3289, 88.5260, 99.7220, 0.5304, 83.1600, 99.2500
0.3224, 88.6560, 99.7280, 0.4867, 84.5700, 99.4600
0.3257, 88.5060, 99.6840, 0.5349, 83.0500, 99.3000
0.3154, 88.9120, 99.7520, 0.4464, 85.2500, 99.4200
0.3150, 89.0100, 99.7620, 0.4864, 84.9600, 99.2900
0.3117, 88.8920, 99.7400, 0.4657, 85.0200, 99.3300
0.3138, 88.9540, 99.7120, 0.4608, 85.0700, 99.4200
0.3067, 89.2300, 99.7420, 0.4640, 84.8300, 99.2700
0.3053, 89.2360, 99.7420, 0.4570, 85.1700, 99.4600
0.3038, 89.3880, 99.7560, 0.4644, 84.6600, 99.4200
0.3016, 89.3980, 99.7320, 0.4456, 85.6600, 99.4900
0.2970, 89.5380, 99.7520, 0.4599, 85.4600, 99.5000
0.2936, 89.7160, 99.8220, 0.4427, 85.5800, 99.4200
0.2927, 89.7220, 99.7840, 0.4829, 84.3000, 99.3700
0.2893, 89.8060, 99.7980, 0.4748, 84.5100, 99.4200
0.2855, 89.9580, 99.7800, 0.4728, 84.8600, 99.3800
0.2878, 89.7360, 99.7580, 0.4532, 85.0900, 99.3900
0.2877, 89.9520, 99.7940, 0.4219, 86.3400, 99.3800
0.2814, 90.3340, 99.7840, 0.4348, 85.7200, 99.5400
0.2800, 90.1400, 99.7960, 0.4449, 85.6000, 99.5000
0.2767, 90.2200, 99.8060, 0.4432, 86.0100, 99.4800
0.2712, 90.4940, 99.7740, 0.4666, 85.2800, 99.5000
0.2725, 90.3340, 99.7860, 0.4688, 85.3600, 99.4300
0.2715, 90.4060, 99.7800, 0.4406, 86.1700, 99.5800
0.2713, 90.4220, 99.8320, 0.4623, 85.3700, 99.3800
0.2662, 90.5100, 99.8320, 0.4450, 86.0900, 99.4200
0.2617, 90.8640, 99.8240, 0.4117, 86.6200, 99.5100
0.2623, 90.7300, 99.8120, 0.4463, 85.6700, 99.4500
0.2605, 90.8100, 99.8340, 0.4145, 86.7100, 99.4900
0.2572, 90.8020, 99.8380, 0.4341, 86.4700, 99.5000
0.2533, 91.0400, 99.8260, 0.4366, 86.2700, 99.4400
0.2544, 91.0060, 99.8380, 0.4384, 86.1200, 99.4800
0.2518, 91.0520, 99.8280, 0.4418, 86.1700, 99.5300
0.2499, 91.0760, 99.8500, 0.4192, 86.5600, 99.4800
0.2446, 91.3540, 99.8280, 0.4091, 86.5900, 99.5200
0.2472, 91.3920, 99.8240, 0.4137, 86.8000, 99.4600
0.2455, 91.3020, 99.8300, 0.4241, 86.4200, 99.5100
0.2419, 91.4320, 99.8380, 0.4021, 86.9200, 99.5900
0.2418, 91.4660, 99.8460, 0.4101, 87.1300, 99.5100
0.2360, 91.7120, 99.8420, 0.4106, 87.3500, 99.5700
0.2346, 91.7880, 99.8580, 0.4060, 87.1800, 99.5800
0.2339, 91.7060, 99.8600, 0.3907, 87.6800, 99.6400
