1.0386, 64.5560, 96.0220, 1.0341, 66.9700, 96.9900
0.6921, 75.9940, 98.5700, 0.7876, 73.5200, 97.9500
0.6190, 78.4860, 98.8620, 0.7499, 75.4900, 98.1500
0.5820, 79.7820, 99.0460, 0.7199, 76.1800, 98.3300
0.5540, 80.8220, 99.1100, 0.7512, 75.4900, 98.1900
0.5362, 81.4780, 99.1380, 0.8592, 73.1700, 98.0600
0.5303, 81.4000, 99.2080, 0.6661, 77.9600, 98.9500
0.5172, 81.9880, 99.2180, 0.7013, 77.0100, 98.6400
0.4984, 82.4860, 99.2620, 0.7059, 76.6300, 98.4400
0.4903, 82.8920, 99.2980, 0.7225, 76.8000, 98.4300
0.4829, 82.9500, 99.3060, 0.6728, 78.5100, 98.6300
0.4804, 83.2960, 99.3880, 0.6634, 77.8800, 98.6800
0.4741, 83.3300, 99.3420, 0.6985, 77.3100, 98.9000
0.4648, 83.8420, 99.3340, 0.5696, 81.2400, 99.0000
0.4685, 83.8000, 99.3320, 0.6280, 79.7900, 98.7700
0.4566, 84.2100, 99.3640, 0.5736, 80.7100, 99.1700
0.4543, 84.2620, 99.3660, 0.6268, 79.7600, 98.9000
0.4476, 84.4420, 99.3940, 0.6705, 78.3000, 98.7900
0.4456, 84.5060, 99.4400, 0.6516, 78.4000, 98.8500
0.4406, 84.6740, 99.3780, 0.6458, 79.0100, 98.6700
0.4389, 84.7820, 99.4080, 0.6685, 78.4400, 98.9200
0.4425, 84.5840, 99.4380, 0.5996, 79.7800, 99.0500
0.4267, 85.2120, 99.4140, 0.5275, 82.2900, 99.2000
0.4301, 85.1420, 99.4320, 0.5902, 80.0200, 99.1300
0.4262, 85.3880, 99.4720, 0.6349, 79.2800, 98.9400
0.4185, 85.4760, 99.4940, 0.6040, 80.2300, 99.0300
0.4194, 85.4360, 99.4820, 0.5846, 80.4700, 98.9100
0.4118, 85.6800, 99.4640, 0.5625, 81.5700, 99.1800
0.4147, 85.6820, 99.4900, 0.6889, 78.3400, 98.9100
0.4042, 85.8940, 99.4820, 0.6182, 79.3500, 99.1400
0.4057, 85.8960, 99.4800, 0.5844, 80.9700, 99.1100
0.4003, 86.2460, 99.4980, 0.5486, 81.9800, 99.1100
0.4018, 86.0560, 99.4820, 0.5423, 82.6700, 99.2000
0.3933, 86.2460, 99.5020, 0.5854, 81.0400, 99.0000
0.3968, 86.2360, 99.5380, 0.5152, 83.0500, 99.3400
0.3925, 86.2300, 99.5580, 0.5612, 81.5700, 99.2000
0.3916, 86.2080, 99.5320, 0.5450, 82.1800, 98.9900
0.3913, 86.5000, 99.5500, 0.5412, 82.2200, 99.3200
0.3856, 86.6160, 99.5240, 0.5913, 80.7300, 99.1000
0.3815, 86.6140, 99.5520, 0.5899, 81.0600, 98.9200
0.3803, 86.7260, 99.5960, 0.5090, 83.5000, 99.1800
0.3767, 86.8040, 99.5420, 0.5467, 81.6700, 99.2600
0.3776, 86.9480, 99.5800, 0.5093, 83.2400, 99.2300
0.3727, 86.8940, 99.6340, 0.4935, 83.7800, 99.3000
0.3669, 87.1040, 99.5560, 0.4821, 84.0700, 99.4200
0.3680, 87.2180, 99.6180, 0.5731, 81.5600, 99.1500
0.3678, 87.3140, 99.6040, 0.5458, 81.8500, 99.1200
0.3607, 87.4880, 99.6440, 0.5074, 83.5200, 99.2800
0.3565, 87.4120, 99.6100, 0.4870, 84.5100, 99.1200
0.3536, 87.6820, 99.6140, 0.4844, 84.1700, 99.3700
0.3521, 87.6220, 99.6300, 0.5409, 82.8300, 99.0700
0.3553, 87.5660, 99.6620, 0.5042, 83.4700, 99.2200
0.3501, 87.8120, 99.6600, 0.5084, 82.7400, 99.4000
0.3464, 87.8480, 99.6580, 0.4827, 84.5000, 99.2000
0.3448, 87.8820, 99.6680, 0.4980, 83.6000, 99.3900
0.3424, 87.9060, 99.7000, 0.4670, 84.6200, 99.4100
0.3425, 88.0180, 99.6900, 0.4789, 84.4700, 99.2600
0.3407, 88.1540, 99.6760, 0.4945, 83.5900, 99.4400
0.3346, 88.3320, 99.6860, 0.4793, 84.2800, 99.3300
0.3357, 88.3140, 99.7040, 0.4932, 83.9200, 99.3100
0.3334, 88.1480, 99.6880, 0.5031, 84.3100, 99.1800
0.3353, 88.2320, 99.6660, 0.4813, 84.6700, 99.3400
0.3284, 88.5300, 99.6520, 0.4848, 83.9800, 99.4200
0.3255, 88.5920, 99.6540, 0.4722, 84.6000, 99.3000
0.3238, 88.8360, 99.6900, 0.4827, 84.3100, 99.5100
0.3196, 88.8720, 99.7120, 0.4751, 84.4900, 99.4000
0.3178, 88.8680, 99.7180, 0.4563, 85.0200, 99.3300
0.3141, 89.0900, 99.7060, 0.4625, 85.2700, 99.2800
0.3138, 89.0020, 99.7260, 0.4545, 85.2900, 99.2900
0.3105, 89.1980, 99.6980, 0.4709, 84.4300, 99.3700
0.3162, 88.9860, 99.7000, 0.4425, 85.2700, 99.4500
0.3064, 89.1840, 99.7320, 0.4440, 85.6300, 99.4000
0.3055, 89.4000, 99.7540, 0.4799, 84.3900, 99.3600
0.2969, 89.4760, 99.7760, 0.4539, 85.4700, 99.3500
0.3001, 89.4940, 99.7260, 0.4424, 85.7700, 99.3700
0.3004, 89.3880, 99.7580, 0.4717, 84.2100, 99.3600
0.2981, 89.6140, 99.7340, 0.4273, 85.8200, 99.4800
0.2918, 89.8180, 99.7580, 0.4529, 85.1100, 99.4900
0.2898, 90.0020, 99.7960, 0.4479, 85.1700, 99.5100
0.2890, 89.9220, 99.7540, 0.4336, 85.8200, 99.3300
0.2864, 89.9560, 99.7740, 0.4143, 86.3100, 99.3900
0.2830, 90.0480, 99.7820, 0.4364, 85.6500, 99.5400
0.2836, 90.0420, 99.7760, 0.4297, 85.9000, 99.3800
0.2826, 90.1080, 99.7820, 0.4471, 85.9900, 99.4000
0.2780, 90.2300, 99.7960, 0.4230, 86.4200, 99.5000
0.2755, 90.3800, 99.7940, 0.4019, 87.2400, 99.4100
0.2719, 90.3740, 99.7680, 0.4268, 86.0500, 99.5000
0.2688, 90.5700, 99.8240, 0.4116, 86.9000, 99.3900
0.2683, 90.6060, 99.8080, 0.4013, 86.7800, 99.4500
0.2658, 90.7600, 99.8180, 0.4015, 86.8500, 99.4800
