0.5388, 82.2240, 99.1780, 0.8918, 75.1400, 98.5700
0.3709, 86.8140, 99.6240, 0.6894, 79.3800, 98.7800
0.3510, 87.6060, 99.6900, 0.5665, 82.1400, 98.9500
0.3336, 88.0580, 99.7200, 0.7106, 79.6200, 98.8500
0.3248, 88.5480, 99.7480, 0.5407, 83.2200, 99.1100
0.3225, 88.5200, 99.7580, 0.5667, 82.4200, 99.1700
0.3132, 88.9320, 99.7400, 0.6012, 82.0500, 99.2400
0.3092, 89.0240, 99.7560, 0.4680, 85.1500, 99.3900
0.3023, 89.1580, 99.7800, 0.7624, 78.5800, 98.9300
0.3032, 89.2040, 99.7600, 0.5282, 83.5900, 99.2400
0.2971, 89.4260, 99.7660, 0.5961, 81.7600, 99.2400
0.2915, 89.6780, 99.7660, 0.7459, 79.3700, 98.5800
0.2881, 89.6740, 99.8020, 0.6629, 80.8700, 99.1200
0.2859, 89.9160, 99.8000, 0.5974, 82.1500, 99.3500
0.2823, 90.0880, 99.8040, 0.6638, 81.7300, 98.9200
0.2808, 90.0540, 99.8000, 0.5497, 83.1000, 99.2700
0.2732, 90.4280, 99.8180, 0.7520, 80.1700, 98.5800
0.2723, 90.4220, 99.8240, 0.4811, 85.1200, 99.3100
0.2667, 90.3780, 99.8160, 0.5742, 82.6400, 99.1500
0.2686, 90.4200, 99.8320, 0.5677, 82.6000, 99.2600
0.2636, 90.6640, 99.8340, 0.5129, 84.3900, 99.3200
0.2597, 90.8280, 99.8320, 0.5107, 84.1300, 99.4300
0.2577, 90.8740, 99.8440, 0.4768, 85.2000, 99.4700
0.2506, 91.2680, 99.8300, 0.5640, 83.6800, 99.1700
0.2555, 90.9020, 99.8080, 0.5113, 84.5800, 99.3300
0.2519, 91.1140, 99.8360, 0.5180, 84.6700, 99.1200
0.2478, 91.1420, 99.8480, 0.6192, 82.4800, 98.9300
0.2436, 91.1240, 99.8400, 0.4627, 86.0600, 99.4100
0.2447, 91.3300, 99.8380, 0.4963, 85.1400, 99.5000
0.2379, 91.5520, 99.8740, 0.4653, 85.1000, 99.5100
0.2376, 91.4800, 99.8900, 0.5611, 83.8300, 99.2800
0.2357, 91.6160, 99.8880, 0.5971, 83.0200, 99.1500
0.2330, 91.5620, 99.8740, 0.5354, 83.9800, 99.2800
0.2286, 91.8400, 99.8700, 0.4578, 86.3000, 99.4400
0.2250, 92.0320, 99.8780, 0.4665, 85.7600, 99.5200
0.2198, 92.2100, 99.9000, 0.5676, 84.6300, 99.3600
0.2180, 92.3300, 99.8920, 0.4546, 86.7000, 99.5200
0.2202, 92.1800, 99.8880, 0.4772, 85.6900, 99.5100
0.2167, 92.2220, 99.8720, 0.4882, 85.6600, 99.4600
0.2120, 92.4360, 99.9080, 0.4560, 86.5600, 99.4300
0.2113, 92.5020, 99.9060, 0.4781, 86.3900, 99.2600
0.2052, 92.6720, 99.8960, 0.4476, 86.7900, 99.5000
0.2050, 92.6020, 99.9000, 0.4995, 85.6400, 99.2100
0.2011, 92.8720, 99.9080, 0.5219, 84.6400, 99.5100
0.1980, 92.9280, 99.9160, 0.4726, 86.5000, 99.4600
0.1931, 93.2180, 99.9040, 0.4511, 86.8600, 99.3800
0.1961, 93.1060, 99.8940, 0.4489, 86.5900, 99.5700
0.1907, 93.2720, 99.9220, 0.4627, 86.5000, 99.4800
0.1902, 93.2200, 99.9180, 0.4679, 86.2300, 99.4900
0.1862, 93.2560, 99.9160, 0.4958, 85.8000, 99.4300
0.1865, 93.4100, 99.9060, 0.4346, 87.3500, 99.5400
0.1804, 93.5800, 99.9480, 0.5656, 84.5800, 99.2100
0.1729, 93.9220, 99.9300, 0.4424, 87.1900, 99.4800
0.1714, 93.8920, 99.9240, 0.4982, 86.0400, 99.4300
0.1692, 93.9560, 99.9420, 0.5152, 85.9300, 99.3900
0.1722, 93.8580, 99.9240, 0.4878, 86.3600, 99.5000
0.1658, 94.1140, 99.9540, 0.4215, 87.6100, 99.5900
0.1656, 94.0740, 99.9380, 0.5534, 85.1500, 99.3100
0.1594, 94.3840, 99.9480, 0.4176, 88.1400, 99.5600
0.1579, 94.3700, 99.9480, 0.4694, 86.8200, 99.4500
0.1510, 94.5900, 99.9720, 0.5074, 86.4400, 99.3200
0.1516, 94.4940, 99.9520, 0.4634, 87.2300, 99.5000
0.1497, 94.8080, 99.9520, 0.4277, 87.9300, 99.5000
0.1466, 94.7520, 99.9480, 0.4378, 87.7200, 99.5100
0.1464, 94.7980, 99.9620, 0.4205, 88.2800, 99.5100
0.1411, 94.9300, 99.9660, 0.4267, 88.2400, 99.5800
0.1405, 94.9740, 99.9680, 0.4069, 88.3600, 99.6000
0.1355, 95.2020, 99.9440, 0.4518, 87.4000, 99.5400
0.1355, 95.2480, 99.9720, 0.4602, 87.5000, 99.4800
0.1313, 95.2780, 99.9740, 0.4240, 88.4000, 99.6500
0.1302, 95.4120, 99.9700, 0.4344, 88.2600, 99.4900
0.1252, 95.5320, 99.9620, 0.4069, 88.6500, 99.5700
0.1255, 95.4460, 99.9720, 0.4220, 88.2700, 99.6000
0.1231, 95.5660, 99.9780, 0.4126, 88.5400, 99.5600
0.1202, 95.6880, 99.9780, 0.4143, 88.6200, 99.6100
0.1154, 95.9380, 99.9740, 0.4380, 87.9000, 99.6100
0.1136, 95.9460, 99.9740, 0.4382, 88.2000, 99.5600
0.1112, 96.0660, 99.9660, 0.3895, 88.9600, 99.5900
0.1099, 96.1100, 99.9780, 0.4005, 88.7000, 99.5200
0.1090, 96.1560, 99.9660, 0.4079, 88.5700, 99.5100
0.1039, 96.3980, 99.9760, 0.3991, 88.6400, 99.5900
0.1026, 96.3960, 99.9740, 0.3930, 89.2500, 99.6200
0.0995, 96.6340, 99.9800, 0.4018, 89.2300, 99.5800
0.0969, 96.6160, 99.9740, 0.3924, 88.8100, 99.6400
0.0931, 96.8540, 99.9940, 0.3974, 89.3000, 99.6100
0.0928, 96.8560, 99.9780, 0.3900, 89.4200, 99.6000
0.0910, 96.8940, 99.9720, 0.3967, 89.1100, 99.6600
0.0886, 97.0200, 99.9900, 0.3836, 89.6700, 99.6300
0.0860, 97.0900, 99.9840, 0.3864, 89.6900, 99.6000
0.0852, 97.1640, 99.9840, 0.3832, 89.6900, 99.6000
