0.6047, 79.5280, 98.7800, 0.9114, 72.6900, 98.2700
0.4100, 85.6240, 99.5060, 0.6973, 78.9000, 98.2200
0.3850, 86.5840, 99.6020, 0.7450, 78.1900, 98.4700
0.3721, 86.7840, 99.6320, 0.7057, 78.4600, 98.6300
0.3631, 87.1760, 99.6380, 0.5923, 82.0600, 99.2300
0.3489, 87.7600, 99.6540, 0.7569, 77.9600, 98.1900
0.3468, 87.7140, 99.7020, 0.7088, 78.4200, 98.4700
0.3410, 88.0760, 99.6640, 0.5966, 81.6800, 98.8800
0.3276, 88.4240, 99.6880, 0.5156, 83.9600, 99.1100
0.3274, 88.4400, 99.6780, 0.5137, 83.9200, 99.2700
0.3183, 88.8300, 99.7460, 0.6316, 81.4600, 98.6200
0.3197, 88.7540, 99.7340, 0.5344, 82.9800, 99.3400
0.3131, 88.9480, 99.7180, 0.6277, 81.5400, 99.0200
0.3058, 89.3160, 99.7540, 0.5729, 82.6100, 99.1300
0.2984, 89.5520, 99.7660, 0.5015, 84.3400, 99.4100
0.2996, 89.3620, 99.7580, 0.5783, 82.4400, 99.3100
0.2986, 89.5240, 99.7720, 0.6070, 81.8700, 99.1200
0.2991, 89.5660, 99.7760, 0.5247, 83.3600, 99.2900
0.2916, 89.8800, 99.7940, 0.5283, 83.7600, 99.2100
0.2885, 89.5900, 99.7760, 0.5214, 84.1000, 99.2600
0.2827, 90.0680, 99.7840, 0.5170, 84.2700, 99.2200
0.2810, 90.1560, 99.8080, 0.7314, 79.7300, 98.9800
0.2790, 90.1960, 99.8100, 0.4633, 85.7600, 99.4500
0.2690, 90.5320, 99.8060, 0.5437, 83.1800, 99.2800
0.2740, 90.4000, 99.8120, 0.4921, 84.6100, 99.3900
0.2674, 90.5640, 99.7980, 0.5049, 84.6300, 99.0800
0.2688, 90.4600, 99.8000, 0.4464, 86.0300, 99.4200
0.2645, 90.7760, 99.8040, 0.5075, 84.1500, 99.4400
0.2619, 90.7200, 99.8100, 0.4950, 84.5800, 99.4900
0.2539, 90.9860, 99.8080, 0.4718, 85.6300, 99.3600
0.2517, 91.2060, 99.8300, 0.4598, 85.2600, 99.4800
0.2532, 91.1140, 99.8160, 0.5386, 84.0900, 99.2300
0.2471, 91.3140, 99.8360, 0.4753, 85.2700, 99.4200
0.2509, 91.1080, 99.8340, 0.4253, 86.8600, 99.5000
0.2446, 91.4180, 99.8440, 0.4528, 85.6000, 99.4100
0.2450, 91.3360, 99.8540, 0.4487, 86.2600, 99.5900
0.2423, 91.3320, 99.8140, 0.5479, 84.0000, 99.2400
0.2376, 91.5460, 99.8580, 0.5280, 84.5900, 99.0400
0.2370, 91.7080, 99.8720, 0.4264, 86.6100, 99.4300
0.2318, 91.8320, 99.8520, 0.6446, 81.5000, 99.0700
0.2257, 91.9800, 99.8700, 0.5065, 84.6400, 99.4700
0.2304, 91.9780, 99.8720, 0.4175, 87.0600, 99.6000
0.2241, 92.0640, 99.8640, 0.4968, 85.4100, 99.3600
0.2168, 92.2820, 99.8940, 0.4571, 85.9200, 99.3400
0.2257, 92.0700, 99.8600, 0.4752, 85.5600, 99.3400
0.2165, 92.4320, 99.8840, 0.4436, 86.1700, 99.4400
0.2156, 92.3760, 99.8740, 0.4916, 85.0700, 99.3200
0.2094, 92.5720, 99.8560, 0.4373, 86.9600, 99.5200
0.2107, 92.5860, 99.8960, 0.4472, 86.7700, 99.4600
0.2043, 92.6080, 99.8920, 0.4152, 87.1600, 99.5900
0.2000, 92.8600, 99.9060, 0.5262, 84.9900, 99.3800
0.2013, 92.9520, 99.9060, 0.3968, 88.0300, 99.4700
0.1942, 93.1720, 99.9080, 0.4684, 86.4800, 99.4600
0.1932, 93.1040, 99.9100, 0.4561, 86.2300, 99.4100
0.1860, 93.3840, 99.9220, 0.4601, 86.4100, 99.4000
0.1873, 93.3240, 99.9100, 0.4814, 86.1600, 99.4600
0.1846, 93.3620, 99.9260, 0.4900, 86.1600, 99.4700
0.1842, 93.4740, 99.9080, 0.4588, 86.3600, 99.4700
0.1839, 93.5260, 99.9000, 0.5675, 84.3100, 99.2400
0.1814, 93.7080, 99.9120, 0.3958, 87.8700, 99.4900
0.1760, 93.7100, 99.9220, 0.4354, 87.0600, 99.5300
0.1724, 93.9040, 99.9240, 0.4198, 87.2400, 99.5400
0.1698, 94.0140, 99.9180, 0.4143, 87.3300, 99.5600
0.1658, 94.2740, 99.9320, 0.4650, 86.6400, 99.5100
0.1649, 94.1360, 99.9280, 0.4405, 86.7900, 99.4700
0.1651, 94.1740, 99.9380, 0.4275, 86.8600, 99.4500
0.1585, 94.3580, 99.9420, 0.4081, 88.0200, 99.5700
0.1559, 94.4780, 99.9320, 0.4057, 88.1400, 99.5700
0.1527, 94.6800, 99.9400, 0.4188, 87.8900, 99.5500
0.1505, 94.6160, 99.9580, 0.4186, 87.3600, 99.6000
0.1501, 94.7860, 99.9360, 0.3782, 88.7900, 99.6700
0.1462, 94.8180, 99.9440, 0.3928, 88.4100, 99.6400
0.1427, 94.9960, 99.9400, 0.3827, 88.8500, 99.5500
0.1443, 94.8860, 99.9420, 0.4001, 88.4500, 99.4800
0.1384, 95.1140, 99.9700, 0.4113, 87.6500, 99.5700
0.1380, 95.1340, 99.9560, 0.3886, 88.7200, 99.5300
0.1364, 95.2980, 99.9620, 0.3866, 88.5900, 99.6100
0.1278, 95.6260, 99.9700, 0.3903, 88.6000, 99.6000
0.1268, 95.5960, 99.9560, 0.3806, 88.8800, 99.5900
0.1261, 95.6460, 99.9460, 0.3913, 88.4100, 99.6500
0.1240, 95.6760, 99.9700, 0.4050, 88.3900, 99.6300
0.1197, 95.8420, 99.9700, 0.4159, 87.9100, 99.4800
0.1192, 95.8500, 99.9760, 0.3613, 89.1700, 99.6700
0.1188, 95.8160, 99.9660, 0.3712, 89.0200, 99.5600
0.1153, 96.0640, 99.9680, 0.3738, 89.4000, 99.6400
0.1129, 96.2120, 99.9680, 0.3714, 89.1100, 99.6200
0.1093, 96.2580, 99.9740, 0.3609, 89.0600, 99.6600
0.1061, 96.4340, 99.9660, 0.3625, 89.5500, 99.6500
0.1038, 96.5380, 99.9660, 0.3741, 89.2700, 99.6900
0.1012, 96.5920, 99.9640, 0.3670, 89.0600, 99.6400
